       N       E                     dE             d eps       ncg     rms          rms(c)
DAV:   1    -0.820696679002E+02   -0.82070E+02   -0.11169E-05  2990   0.900E-02    0.137E-02
DAV:   2    -0.820635848843E+02    0.60830E-02   -0.34166E-05  2990   0.162E-01    0.148E-02
DAV:   3    -0.820668378648E+02   -0.32530E-02   -0.87960E-06  2990   0.847E-02    0.372E-04
DAV:   4    -0.820667733256E+02    0.64539E-04   -0.25910E-07  2990   0.643E-03
   1 F= -.82066773E+02 E0= -.82064641E+02  d E =-.426492E-02
